Floor 512 50 0 416
Floor 1120 50 4311 416

TreeTop 128 32 608 384
TreeBody 64 50 640 416

TreeTop 256 32 832 288
TreeBody 192 146 864 320
TreeTop 160 32 896 160
TreeBody 96 96 928 192

TreeTop 96 32 1088 384
TreeBody 32 50 1120 416

TreeTop 160 32 1184 256
TreeBody 96 178 1216 288

TreeTop 224 32 1344 128
TreeBody 160 306 1376 160

TreeTop 128 32 1696 416
TreeBody 64 18 1728 448

TreeTop 160 32 1984 416
TreeBody 96 18 2016 448
TreeTop 128 32 2016 160
TreeBody 64 224 2048 192

TreeTop 160 32 2176 416
TreeBody 96 18 2208 448

TreeTop 96 32 2327 320
TreeBody 32 320 2359 352

TreeTop 192 32 2551 224
TreeBody 128 242 2583 256

TreeTop 128 32 3255 352
TreeBody 64 82 3287 386

TreeTop 256 32 3479 224
TreeBody 192 210 3511 256

TreeTop 96 32 3767 416
TreeBody 32 18 3799 448

TreeTop 128 32 3863 228
TreeBody 64 146 3895 260

TreeTop 128 32 4055 228
TreeBody 64 146 4087 260

#bar--
Bar 96 18 1856 192
Bar 96 18 2903 288
Bar 96 18 3191 288
Bar 96 18 4375 288

Question 32 32 1984 352

Obstacle 64 64 4599 352
Obstacle 64 128 4663 320
Obstacle 64 192 4727 228
Obstacle 64 256 4791 256
Obstacle 32 32 5079 384